0123 4567 891011 12131415 16171819 20212223
0123 0123 0123
2222 3333

7654对4取余数是3210 数字和余数各自两两相减是相同的
3210对4取余数是3210 但是43 42 41 40的差值为 1 2 3 4余数差为 3 2 1 0

34567
1. 4 8 12 16 20余数和本身差相同
2. 4 9 12 16 20
0123 0123 0123 0123 0123
3334445556667778910jq

4567 891011 12131415 7-6=1 7-5=2 7-4=3 7-6-5=-4 7-6-4=-3
0123 01 2 3 0 1 2 3
1 234567 8
123456 78
12 345678

123456789 000
000 123456789
0 123456789 00
00 123456789 0
891011
4567=4+5+7 4+5+6=15-4=11 5+6+7 4+5+7=16-4=12  8+9+11=28 8+9+10 4+6+7=17
2222 3344
4567 456=15 567=18 457=16 467=17 0+2+3
467 456 11 13 9 10 10 11  19 yu3 21 yu1
102